In this file we add the results obtained during the work
For each results, be sure to specify what parameters you used

###     RESULTS :   #####

Parameters of the model:
Data obtained from the EUKSIG_13.red file

p = 13    q = 2

Average position of the cleavage site:
22.649751243781093

Occurrences of each amino acid at every position relative to the cleavage site:
   -13  -12  -11  -10  -9   -8   -7   -6   -5   -4   -3   -2   -1   0    1  
A  101  112  106   99  157  128  107  149  145  106  256   80  456  139   55
C   36   32   34   31   42   65   57   39   30   34   68   21   50   23   27
D    2    0    2    0    3    2    4    5   25   14    4   44    6   68   66
E    1    2    4    5    4    6   12    9   28   27    7   66    5   91   88
F   74   67   80   81   65   58   91   66   24   34    5   46    6   34   28
G   39   24   26   34   36   50   40   29  108  125   74   38  183   52   57
H    5    3    4    2    4   10   14    7   23   12    5   53    2   23   22
I   73   67   81   58   52   52   47   69   21   43   41   18    4   36   34
K    4    1    1    2    0    3    3    3   20   19    7   24    4   52   40
L  375  430  396  447  386  329  332  279   98  146   65  164   20   60   50
M   26   14   19   19   10   30   20   10    5   11    9   14    2   14   12
N    2    4    4    6    7    7    8    7   24   14    9   37    9   26   52
P   23   13   17    9   12   13   24   60   98   74    7   17   27   11  165
Q    3    6    4    9   11   17   18   13   55   40    5   72   15  135   42
R    7    4    4    2    3    7    9    6   33   38    4   55   20   32   40
S   57   47   40   44   64   76   67   66  117   96  141  111  141   90   87
T   32   39   30   37   36   49   41   35   70   70  103   43   43   39   55
V  112  124  127  100   98   84   77  126   60   71  191   44    8   50   56
W   16   13   20   11    9   12   24   21   13   13    2   33    2    9    6
Y   17    3    6    9    6    7   10    6    8   18    2   25    2   21   23
*    0    0    0    0    0    0    0    0    0    0    0    0    0    0    0

Observed frequency of each amino acid at the relative position:
        -13       -12       -11       -10       -9        -8        -7        -6        -5        -4        -3        -2        -1        0         1  
A  0.101493  0.112438  0.106468  0.099502  0.157214  0.128358  0.107463  0.149254  0.145274  0.106468  0.255721  0.080597  0.454726  0.139303  0.055721
C  0.036816  0.032836  0.034826  0.031841  0.042786  0.065672  0.057711  0.039801  0.030846  0.034826  0.068657  0.021891  0.050746  0.023881  0.027861
D  0.002985  0.000995  0.002985  0.000995  0.003980  0.002985  0.004975  0.005970  0.025871  0.014925  0.004975  0.044776  0.006965  0.068657  0.066667
E  0.001990  0.002985  0.004975  0.005970  0.004975  0.006965  0.012935  0.009950  0.028856  0.027861  0.007960  0.066667  0.005970  0.091542  0.088557
F  0.074627  0.067662  0.080597  0.081592  0.065672  0.058706  0.091542  0.066667  0.024876  0.034826  0.005970  0.046766  0.006965  0.034826  0.028856
G  0.039801  0.024876  0.026866  0.034826  0.036816  0.050746  0.040796  0.029851  0.108458  0.125373  0.074627  0.038806  0.183085  0.052736  0.057711
H  0.005970  0.003980  0.004975  0.002985  0.004975  0.010945  0.014925  0.007960  0.023881  0.012935  0.005970  0.053731  0.002985  0.023881  0.022886
I  0.073632  0.067662  0.081592  0.058706  0.052736  0.052736  0.047761  0.069652  0.021891  0.043781  0.041791  0.018905  0.004975  0.036816  0.034826
K  0.004975  0.001990  0.001990  0.002985  0.000995  0.003980  0.003980  0.003980  0.020896  0.019900  0.007960  0.024876  0.004975  0.052736  0.040796
L  0.374129  0.428856  0.395025  0.445771  0.385075  0.328358  0.331343  0.278607  0.098507  0.146269  0.065672  0.164179  0.020896  0.060697  0.050746
M  0.026866  0.014925  0.019900  0.019900  0.010945  0.030846  0.020896  0.010945  0.005970  0.011940  0.009950  0.014925  0.002985  0.014925  0.012935
N  0.002985  0.004975  0.004975  0.006965  0.007960  0.007960  0.008955  0.007960  0.024876  0.014925  0.009950  0.037811  0.009950  0.026866  0.052736
P  0.023881  0.013930  0.017910  0.009950  0.012935  0.013930  0.024876  0.060697  0.098507  0.074627  0.007960  0.017910  0.027861  0.011940  0.165174
Q  0.003980  0.006965  0.004975  0.009950  0.011940  0.017910  0.018905  0.013930  0.055721  0.040796  0.005970  0.072637  0.015920  0.135323  0.042786
R  0.007960  0.004975  0.004975  0.002985  0.003980  0.007960  0.009950  0.006965  0.033831  0.038806  0.004975  0.055721  0.020896  0.032836  0.040796
S  0.057711  0.047761  0.040796  0.044776  0.064677  0.076617  0.067662  0.066667  0.117413  0.096517  0.141294  0.111443  0.141294  0.090547  0.087562
T  0.032836  0.039801  0.030846  0.037811  0.036816  0.049751  0.041791  0.035821  0.070647  0.070647  0.103483  0.043781  0.043781  0.039801  0.055721
V  0.112438  0.124378  0.127363  0.100498  0.098507  0.084577  0.077612  0.126368  0.060697  0.071642  0.191045  0.044776  0.008955  0.050746  0.056716
W  0.016915  0.013930  0.020896  0.011940  0.009950  0.012935  0.024876  0.021891  0.013930  0.013930  0.002985  0.033831  0.002985  0.009950  0.006965
Y  0.017910  0.003980  0.006965  0.009950  0.006965  0.007960  0.010945  0.006965  0.008955  0.018905  0.002985  0.025871  0.002985  0.021891  0.023881
*  0.000995  0.000995  0.000995  0.000995  0.000995  0.000995  0.000995  0.000995  0.000995  0.000995  0.000995  0.000995  0.000995  0.000995  0.000995

General background frequency of each amino acid:
A    0.146667
C    0.040066
D    0.017247
E    0.024544
F    0.051343
G    0.061692
H    0.013532
I    0.047164
K    0.013134
L    0.238275
M    0.015257
N    0.015323
P    0.038806
Q    0.030514
R    0.018507
S    0.083516
T    0.048889
V    0.089088
W    0.014527
Y    0.011808
*    0.000995
dtype: float64

s value of each amino acid at every position:
        -13       -12       -11       -10       -9        -8        -7        -6        -5        -4        -3        -2        -1        0         1  
A -0.368177 -0.265762 -0.320321 -0.387980  0.069445 -0.133338 -0.311019  0.017485 -0.009543 -0.320321  0.555926 -0.598701  1.131533 -0.051508 -0.967798
C -0.084606 -0.199016 -0.140176 -0.229788  0.065676  0.494131  0.364919 -0.006645 -0.261537 -0.140176  0.538583 -0.604482  0.236302 -0.517470 -0.363319
D -1.754019 -2.852631 -1.754019 -2.852631 -1.466337 -1.754019 -1.243194 -1.060872  0.405465 -0.144581 -1.243194  0.954031 -0.906721  1.381475  1.352061
E -2.512306 -2.106841 -1.596015 -1.413693 -1.596015 -1.259543 -0.640503 -0.902868  0.161843  0.126752 -1.126011  0.999240 -1.413693  1.316336  1.283184
F  0.373966  0.275986  0.450927  0.463198  0.246133  0.134016  0.578267  0.261171 -0.724646 -0.388174 -2.151762 -0.093374 -1.997612 -0.388174 -0.576226
G -0.438255 -0.908259 -0.831298 -0.571786 -0.516216 -0.195309 -0.413562 -0.725937  0.564213  0.709148  0.190354 -0.463573  1.087801 -0.156842 -0.066691
H -0.818310 -1.223775 -1.000632 -1.511458 -1.000632 -0.212175  0.097980 -0.530628  0.567984 -0.045120 -0.818310  1.378914 -1.511458  0.567984  0.525424
I  0.445443  0.360885  0.548097  0.218915  0.111670  0.111670  0.012579  0.389873 -0.767580 -0.074433 -0.120953 -0.914183 -2.249184 -0.247704 -0.303274
K -0.970779 -1.887070 -1.887070 -1.481605 -2.580217 -1.193922 -1.193922 -1.193922  0.464306  0.415515 -0.500775  0.638659 -0.970779  1.390075  1.133355
L  0.451175  0.587694  0.505522  0.626379  0.480010  0.320678  0.329728  0.156375 -0.883294 -0.487982 -1.288759 -0.372469 -2.433892 -1.367540 -1.546589
M  0.565808 -0.021979  0.265703  0.265703 -0.332134  0.703958  0.314493 -0.332134 -0.938270 -0.245122 -0.427444 -0.021979 -1.631417 -0.021979 -0.165080
N -1.635755 -1.124930 -1.124930 -0.788457 -0.654926 -0.654926 -0.537143 -0.654926  0.484508 -0.026317 -0.431782  0.903219 -0.431782  0.561469  1.235924
P -0.485508 -1.024504 -0.773190 -1.360977 -1.098612 -1.024504 -0.444686  0.447312  0.931558  0.653926 -1.584120 -0.773190 -0.331357 -1.178655  1.448426
Q -2.036882 -1.477266 -1.813738 -1.120591 -0.938270 -0.532805 -0.478737 -0.784119  0.602175  0.290396 -1.631417  0.867283 -0.650588  1.489479  0.338024
R -0.843720 -1.313724 -1.313724 -1.824549 -1.536867 -0.843720 -0.620576 -0.977251  0.603199  0.740400 -1.313724  1.102190  0.121361  0.573346  0.790410
S -0.369580 -0.558822 -0.716451 -0.623360 -0.255636 -0.086217 -0.210515 -0.225330  0.340662  0.144688  0.525804  0.288476  0.525804  0.080837  0.047314
T -0.398030 -0.205658 -0.460550 -0.256952 -0.283620  0.017485 -0.156868 -0.311019  0.368142  0.368142  0.749853 -0.110348 -0.110348 -0.205658  0.130814
V  0.232777  0.333703  0.357419  0.120510  0.100509 -0.051960 -0.137902  0.349576 -0.383737 -0.217945  0.762884 -0.687949 -2.297386 -0.562785 -0.451560
W  0.152192 -0.041964  0.363501 -0.196115 -0.378436 -0.116072  0.537854  0.410021 -0.041964 -0.041964 -1.582409  0.845339 -1.582409 -0.378436 -0.735111
Y  0.416638 -1.087439 -0.527823 -0.171148 -0.527823 -0.394292 -0.075838 -0.527823 -0.276509  0.470706 -1.375121  0.784363 -1.375121  0.617309  0.704320
*  0.000000  0.000000  0.000000  0.000000  0.000000  0.000000  0.000000  0.000000  0.000000  0.000000  0.000000  0.000000  0.000000  0.000000  0.000000

END OF RESULTS



